0 4
0 16
0 14
0 18
0 110
0 165
1 18
1 11
1 0
1 6
2 3
2 18
3 16
3 10
4 4
4 5
5 16
5 6
6 11
6 0
7 1
7 18
7 16
7 5
7 3
8 6
8 5
8 9
8 4
9 10
9 4
9 16
9 5
9 18
10 6
10 8
10 5
10 4
10 5
11 18
11 7
11 2
12 0
12 1
12 12
12 118
12 185
13 16
13 6
13 4
13 63
14 2
14 17
15 18
15 5
15 1
16 12
16 5
17 1
17 12
17 14
17 16
18 14
18 7
18 187
18 88
19 33
19 22
19 20
19 129
20 34
20 36
21 25
21 23
21 35
21 34
21 32
22 37
22 22
22 25
22 27
22 35
23 23
23 33
23 22
23 192
24 20
24 22
24 29
24 33
24 32
25 34
25 32
26 22
26 34
26 33
26 35
27 20
27 21
27 23
28 21
28 36
28 26
28 28
28 37
29 28
29 25
29 32
30 22
30 27
30 35
31 24
31 37
32 25
32 28
33 31
33 26
33 21
33 34
34 33
34 25
34 26
34 36
34 20
35 28
35 36
36 37
36 30
36 27
36 22
37 31
37 24
37 20
37 21
37 26
38 56
38 45
38 53
39 51
39 44
39 50
39 46
39 53
40 41
40 48
40 42
41 46
41 45
41 38
41 44
41 39
42 46
42 50
42 43
42 48
43 43
43 53
43 42
43 54
43 47
43 62
43 104
44 39
44 53
44 51
44 38
44 156
45 51
45 40
45 53
45 55
45 44
46 51
46 50
46 42
46 40
46 46
47 38
47 49
47 39
47 65
48 54
48 46
48 50
48 16
49 42
49 52
49 51
49 8
49 5
49 177
50 47
50 38
50 52
50 55
50 45
51 56
51 40
51 47
51 196
51 185
52 47
52 55
52 44
52 48
52 45
53 42
53 52
53 50
54 45
54 52
54 50
54 46
55 51
55 42
55 47
55 55
55 44
55 168
55 46
55 13
56 52
56 48
56 55
56 38
56 51
57 68
57 62
57 75
57 65
57 59
57 151
58 59
58 63
59 59
59 64
59 57
59 72
59 71
59 31
60 57
60 70
61 67
61 66
61 68
62 69
62 75
62 64
63 68
63 61
63 64
63 75
63 67
63 12
64 68
64 69
65 73
65 75
66 57
66 71
66 73
66 60
67 61
67 60
67 73
67 68
68 60
68 74
68 57
68 75
68 70
69 69
69 65
69 75
70 61
70 57
71 70
71 57
71 116
72 58
72 62
72 71
73 58
73 71
73 59
73 69
73 11
73 186
73 90
74 68
74 65
74 37
75 72
75 60
75 66
75 71
75 98
76 91
76 87
76 89
76 83
76 84
77 91
77 90
77 78
77 85
77 93
77 53
78 86
78 83
79 78
79 86
79 93
80 76
80 81
80 78
80 185
81 93
81 86
81 78
81 88
81 115
82 93
82 79
83 93
83 82
83 88
83 87
83 81
83 154
84 79
84 76
84 90
84 92
85 79
85 81
85 82
86 94
86 87
86 70
87 92
87 81
87 82
87 87
88 87
88 93
88 77
89 86
89 92
89 90
89 93
90 77
90 82
91 78
91 87
91 90
91 111
92 85
92 90
92 83
92 98
93 87
93 88
94 90
94 84
94 88
94 78
94 89
94 150
95 112
95 101
95 100
96 107
96 102
96 99
96 106
96 110
96 38
97 113
97 97
97 103
97 101
97 108
98 105
98 102
98 101
98 112
98 104
99 113
99 111
99 110
99 107
100 100
100 103
101 100
101 101
102 113
102 103
102 96
103 112
103 106
103 108
103 105
104 112
104 99
105 101
105 99
105 108
106 106
106 113
106 104
106 103
107 103
107 100
107 106
108 97
108 104
109 101
109 105
109 99
109 105
110 104
110 111
110 106
110 113
111 113
111 111
111 106
111 105
111 109
112 97
112 100
112 99
113 110
113 105
113 101
113 21
114 121
114 124
115 127
115 121
115 117
115 62
115 63
116 121
116 132
116 23
117 123
117 132
118 122
118 118
118 126
118 114
118 125
119 125
119 130
119 114
119 128
119 121
120 117
120 116
120 119
120 127
120 115
120 190
121 117
121 118
121 131
121 122
121 123
121 116
122 129
122 124
122 130
122 116
122 125
123 119
123 127
124 117
124 123
124 132
124 114
124 85
125 126
125 114
125 123
125 122
126 125
126 126
126 132
126 127
126 119
127 117
127 128
127 129
127 95
128 130
128 119
128 117
129 125
129 127
130 126
130 119
130 132
130 130
130 123
131 131
131 121
131 127
131 115
131 116
132 120
132 127
132 117
132 124
132 132
133 145
133 133
133 54
133 101
134 136
134 151
134 143
134 147
134 141
134 159
135 135
135 143
135 144
135 137
135 21
136 148
136 140
136 151
137 143
137 148
137 149
137 151
137 144
138 148
138 141
138 144
138 140
139 142
139 140
139 137
140 143
140 149
140 134
141 150
141 135
141 142
141 137
141 131
142 149
142 135
143 137
143 141
143 148
143 138
144 146
144 135
144 149
144 140
144 128
144 9
144 157
145 148
145 136
145 138
145 134
145 53
146 144
146 140
146 151
146 142
147 146
147 145
147 144
147 149
148 151
148 146
148 135
148 136
149 141
149 136
149 139
149 95
150 134
150 147
150 72
150 88
150 64
151 151
151 142
151 148
152 165
152 159
152 169
153 169
153 167
153 152
153 165
153 154
154 156
154 162
154 169
154 158
154 155
155 154
155 170
155 2
156 152
156 153
156 165
156 198
157 167
157 165
157 163
158 163
158 161
158 165
159 164
159 156
159 168
160 156
160 163
160 168
160 108
161 154
161 152
161 157
161 156
162 156
162 162
162 153
162 160
162 157
163 155
163 161
164 154
164 167
164 160
165 168
165 154
165 158
165 6
166 153
166 157
166 167
167 160
167 168
168 170
168 153
168 160
168 169
168 156
169 160
169 162
169 164
170 158
170 166
170 154
170 163
170 155
170 172
171 187
171 183
171 171
171 176
172 175
172 186
172 176
173 186
173 181
173 183
173 149
173 50
174 173
174 185
174 174
174 172
174 87
174 11
174 182
175 185
175 187
175 111
176 180
176 172
177 177
177 178
178 185
178 187
178 182
178 188
179 181
179 187
180 188
180 178
180 184
180 174
180 181
181 171
181 186
181 172
181 2
182 187
182 177
183 188
183 172
183 180
183 178
184 179
184 174
184 188
185 183
185 188
186 172
186 188
187 171
187 185
187 175
188 171
188 177
188 187
188 186
188 127
189 173
189 184
189 183
189 176
189 172
191 197
191 195
191 44
192 191
192 190
192 89
192 109
193 192
194 190
194 196
195 195
195 196
195 197
196 190
196 191
196 193
196 14
197 195
197 196
197 144
197 140
198 196